         240          42         223
          36         162         154
         255         184          82
         157         170         250
         203           7         199
         205          63          92
          32         205          17
          59         156         101
         112         138         102
          98         154         211
          40         209          54
          14         172         243
         198          18         203
         209          83         202
         207         123         115
         248           7         212
         234         194          45
         164         246         176
         175         118           5
         167         120          57
