         125          24          17
          61         119         104
          77         123          16
         123          89         111
          23           3          11
          56          36          97
          14         128          40
          37          85          94
          66           4          72
           7         105         116
          52          87         115
          34          47         129
         120         112          16
         102          23          36
         111          19          31
          13          50          29
          22          92          82
          75          86          28
           3          34          41
          22          88         117
