         696         376         188
         476         347         775
         806         876         480
         626          77         308
          51         669         399
          61         201         608
         363          72         894
         254         263         846
          16         908         223
         234         329          87
         783         881         741
         149         643         744
         602         297         337
         698         946         984
         182         883         624
         954         219         958
         708         455         779
         484         732         260
         817          77         273
         252         278          80
